Enter k: 5
[3.0, 70.0, 34.0, 31.0, 77.0, 31.0, 0.59, 24.0]
((3.0, 78.0, 50.0, 32.0, 88.0, 31.0, 0.248, 26.0, 1.0), 21.12148110336962)
((1.0, 71.0, 48.0, 18.0, 76.0, 20.4, 0.323, 22.0, 0.0), 22.077846113242117)
((2.0, 84.0, 50.0, 23.0, 76.0, 30.4, 0.968, 21.0, 0.0), 22.96743094035552)
((6.0, 93.0, 50.0, 30.0, 64.0, 28.7, 0.356, 23.0, 0.0), 31.15035723711688)
((1.0, 77.0, 56.0, 30.0, 56.0, 33.3, 1.251, 24.0, 0.0), 31.3803588411605)
[4.0, 135.0, 91.0, 0.0, 33.0, 34.6, 0.19, 25.0]
((4.0, 137.0, 84.0, 0.0, 0.0, 31.2, 0.252, 30.0, 0.0), 34.33021765150929)
((0.0, 131.0, 88.0, 0.0, 0.0, 31.6, 0.743, 32.0, 1.0), 34.471811803269055)
((2.0, 129.0, 84.0, 0.0, 0.0, 28.0, 0.284, 27.0, 0.0), 35.00812528542481)
((1.0, 138.0, 82.0, 0.0, 0.0, 40.1, 0.236, 28.0, 0.0), 35.03215831204238)
((4.0, 142.0, 86.0, 0.0, 0.0, 44.0, 0.645, 22.0, 1.0), 35.50446486007077)
[8.0, 140.0, 80.0, 0.0, 0.0, 23.1, 1.85, 49.0]
((10.0, 139.0, 80.0, 0.0, 0.0, 27.1, 1.441, 57.0, 0.0), 9.228612084165203)
((6.0, 147.0, 80.0, 0.0, 0.0, 29.5, 0.178, 50.0, 1.0), 9.88714235762791)
((4.0, 141.0, 74.0, 0.0, 0.0, 27.6, 0.244, 40.0, 0.0), 12.523148006791263)
((7.0, 136.0, 90.0, 0.0, 0.0, 29.9, 0.21, 50.0, 0.0), 12.92012383841579)
((3.0, 128.0, 78.0, 0.0, 0.0, 21.1, 0.268, 55.0, 0.0), 14.680011035418195)
[4.0, 174.0, 70.0, 55.0, 135.0, 52.2, 0.75, 22.0]
((6.0, 154.0, 78.0, 41.0, 140.0, 46.1, 0.571, 27.0, 0.0), 27.40879495709361)
((8.0, 179.0, 72.0, 42.0, 130.0, 32.7, 0.719, 36.0, 1.0), 28.55259989913353)
((3.0, 171.0, 72.0, 33.0, 135.0, 33.3, 0.199, 24.0, 1.0), 29.317462390186506)
((2.0, 174.0, 88.0, 37.0, 120.0, 44.5, 0.646, 24.0, 1.0), 30.664324809132843)
((0.0, 162.0, 76.0, 56.0, 100.0, 53.2, 0.759, 25.0, 1.0), 37.84177692709474)
[1.0, 100.0, 63.0, 33.0, 117.0, 28.5, 0.5, 30.0]
((2.0, 106.0, 64.0, 35.0, 119.0, 30.5, 1.4, 34.0, 0.0), 8.173738434767778)
((0.0, 104.0, 64.0, 23.0, 116.0, 27.8, 0.454, 23.0, 0.0), 12.980451301861581)
((3.0, 96.0, 56.0, 34.0, 115.0, 24.7, 0.944, 39.0, 0.0), 13.024482177806533)
((2.0, 110.0, 74.0, 29.0, 125.0, 32.4, 0.698, 27.0, 0.0), 18.062369833441014)
((8.0, 109.0, 76.0, 39.0, 114.0, 27.9, 0.64, 31.0, 1.0), 18.584391300228265)
[2.0, 120.0, 65.0, 20.0, 119.0, 32.9, 0.876, 25.0]
((4.0, 117.0, 64.0, 27.0, 120.0, 33.2, 0.23, 24.0, 0.0), 8.093658999488428)
((5.0, 121.0, 72.0, 23.0, 112.0, 26.2, 0.245, 30.0, 0.0), 13.685326484961912)
((6.0, 125.0, 68.0, 30.0, 120.0, 30.0, 0.464, 32.0, 0.0), 14.442290123107208)
((1.0, 109.0, 58.0, 18.0, 116.0, 28.5, 0.219, 22.0, 0.0), 14.58737978528015)
((1.0, 117.0, 60.0, 23.0, 106.0, 33.8, 0.466, 27.0, 0.0), 14.764081414026407)
[0.0, 189.0, 62.0, 19.0, 199.0, 35.1, 0.7, 24.0]
((3.0, 187.0, 70.0, 22.0, 200.0, 36.4, 0.408, 36.0, 1.0), 15.256974274082001)
((3.0, 174.0, 58.0, 22.0, 194.0, 32.9, 0.593, 36.0, 1.0), 20.805082287748828)
((0.0, 188.0, 82.0, 14.0, 185.0, 32.0, 0.682, 22.0, 1.0), 25.211313412831153)
((1.0, 181.0, 64.0, 30.0, 180.0, 34.1, 0.328, 38.0, 1.0), 27.352118455432294)
((3.0, 173.0, 78.0, 39.0, 185.0, 33.8, 0.97, 31.0, 1.0), 34.172545998213245)
Done! Check output.txt
